  -0.07011969  -0.17965193  -0.01954725  -0.06122373  -0.23611922  -0.00576164  -0.06267500  -0.11965192  -0.01506547
  -0.04639320   0.00000000   0.00000000  -0.20106195   0.10026771  -0.06225015  -0.02621884  -0.00426707   0.04259672
   0.06367132   0.01513746
  -0.17965193  -0.32618158  -0.07906592   0.11795593   0.01081369   0.09252541   0.09999934   0.06122373  -0.10727874
   0.00576164   0.00000000   0.00000000  -0.02278367  -0.21957209  -0.01834295   0.08626605   0.10179000   0.14807579
   0.01059031  -0.02207455
  -0.01954725  -0.07906592  -0.96894977  -0.27295435  -0.45721849  -0.03610129   0.09665205   0.06267500   0.00000000
   0.00000000  -0.02140760  -0.04639320  -0.07498345  -0.06225015   0.03407403   0.01845135   0.33166351   0.14546829
   0.16817408   0.01065289
  -0.06122373   0.11795593  -0.27295435  -2.00293802  -0.10500636   0.21104188  -0.07906592  -0.26527069   0.00000000
   0.00000000  -0.11500498   0.03610129   0.02932379   0.16381099  -0.40454512  -0.15710431  -0.10556594  -0.09457632
   0.26383915   0.01882394
  -0.23611922   0.01081369  -0.45721849  -0.10500636  -1.29924168   0.07570242   0.00000000   0.00000000   0.09665205
   0.01506547   0.11965192   0.02140760  -0.08626605  -0.00705654  -0.04421487   0.00000000   0.13160270   0.29305419
   0.24409715  -0.08863584
  -0.00576164   0.09252541  -0.03610129   0.21104188   0.07570242  -2.81985170   0.00000000   0.00000000   0.01081369
  -0.21066887  -0.10500636  -0.19593799  -0.00181685  -0.23042710  -0.54524911  -0.07083826   0.00104896   0.11173136
   0.28452481   0.14050994
  -0.06267500   0.09999934   0.09665205  -0.07906592   0.00000000   0.00000000  -1.48523729   0.02488723  -0.51200997
  -0.00148345   0.01497695  -0.09252541   0.07498345   0.08626605   0.01324401  -0.10899540   0.29755211   0.13160270
   0.00764643  -0.25208116
  -0.11965192   0.06122373   0.06267500  -0.26527069   0.00000000   0.00000000   0.02488723  -2.26316365   0.13375111
   0.21104188   0.17423389   0.00148345   0.25571118   0.12860601  -0.15710431  -0.46037882   0.25945102   0.07425071
  -0.00890724   0.24461922
  -0.01506547  -0.10727874   0.00000000   0.00000000   0.09665205   0.01081369  -0.51200997   0.13375111  -1.82796984
  -0.13130358   0.11795593  -0.01497695   0.06225015   0.00705654   0.00000000  -0.00181685   0.14546829   0.25894279
   0.11181610   0.05738060
  -0.04639320   0.00576164   0.00000000   0.00000000   0.01506547  -0.21066887  -0.00148345   0.21104188  -0.13130358
  -3.09251797   0.13375111  -0.00081509   0.04421487  -0.12383753  -0.09485416  -0.55652101   0.02552747  -0.08679050
   0.12664435   0.34248817
   0.00000000   0.00000000  -0.02140760  -0.11500498   0.11965192  -0.10500636   0.01497695   0.17423389   0.11795593
   0.13375111  -3.54731817  -0.31828526  -0.02401590   0.00000000   0.04421487   0.00181685  -0.08574587   0.08658343
   0.41901676  -0.09142375
   0.00000000   0.00000000  -0.04639320   0.03610129   0.02140760  -0.19593799  -0.09252541   0.00148345  -0.01497695
  -0.00081509  -0.31828526  -4.03393994   0.00000000  -0.02401590  -0.19949387   0.26521004  -0.00814819   0.08574587
   0.03332358  -0.03603355
  -0.20106195  -0.02278367  -0.07498345   0.02932379  -0.08626605  -0.00181685   0.07498345   0.25571118   0.06225015
   0.04421487  -0.02401590   0.00000000  -1.12069279  -0.47818359   0.06083425   0.07839045   0.00146877   0.03150995
   0.12629571   0.04610012
   0.10026771  -0.21957209  -0.06225015   0.16381099  -0.00705654  -0.23042710   0.08626605   0.12860601   0.00705654
  -0.12383753   0.00000000  -0.02401590  -0.47818359  -1.55589427  -0.04300212   0.14453700   0.03150995  -0.03995166
   0.00128471  -0.03126464
  -0.06225015  -0.01834295   0.03407403  -0.40454512  -0.04421487  -0.54524911   0.01324401  -0.15710431   0.00000000
  -0.09485416   0.04421487  -0.19949387   0.06083425  -0.04300212  -2.36900376  -0.21311956   0.10020156   0.00128471
  -0.14258994  -0.00498973
  -0.02621884   0.08626605   0.01845135  -0.15710431   0.00000000  -0.07083826  -0.10899540  -0.46037882  -0.00181685
  -0.55652101   0.00181685   0.26521004   0.07839045   0.14453700  -0.21311956  -2.58846951  -0.06482998   0.03126464
  -0.00498973  -0.10263827
  -0.00426707   0.10179000   0.33166351  -0.10556594   0.13160270   0.00104896   0.29755211   0.25945102   0.14546829
   0.02552747  -0.08574587  -0.00814819   0.00146877   0.03150995   0.10020156  -0.06482998  -1.16499655  -0.48461423
   0.19160251  -0.14243597
   0.04259672   0.14807579   0.14546829  -0.09457632   0.29305419   0.11173136   0.13160270   0.07425071   0.25894279
  -0.08679050   0.08658343   0.08574587   0.03150995  -0.03995166   0.00128471   0.03126464  -0.48461423  -1.50150878
   0.08383134  -0.26656755
   0.06367132   0.01059031   0.16817408   0.26383915   0.24409715   0.28452481   0.00764643  -0.00890724   0.11181610
   0.12664435   0.41901676   0.03332358   0.12629571   0.00128471  -0.14258994  -0.00498973   0.19160251   0.08383134
  -2.38713500  -0.32980538
   0.01513746  -0.02207455   0.01065289   0.01882394  -0.08863584   0.14050994  -0.25208116   0.24461922   0.05738060
   0.34248817  -0.09142375  -0.03603355   0.04610012  -0.03126464  -0.00498973  -0.10263827  -0.14243597  -0.26656755
  -0.32980538  -2.65612493
