  -0.07011969  -0.17965193  -0.16416639   0.08186824  -0.01954725  -0.07906592  -0.06122373  -0.05082703  -0.23611922
   0.01081369  -0.07043594  -0.00576164  -0.06267500  -0.11965192  -0.02140760  -0.01506547  -0.02140760  -0.04639320
   0.00000000  -0.00000000   0.08510047  -0.07105455  -0.01960890  -0.00000000
  -0.17965193  -0.32618158  -0.01860279  -0.17927986  -0.07906592  -0.08127779   0.11795593  -0.01497695   0.01081369
  -0.19434533  -0.01497695   0.09252541   0.09999934   0.06122373   0.07043594  -0.10727874   0.05082703   0.00576164
   0.00000000  -0.00000000  -0.06267500  -0.01506547   0.00000000  -0.01960890
  -0.16416639  -0.01860279  -1.23949672  -0.48139891  -0.06122373   0.11795593   0.02394277   0.13375111  -0.07043594
  -0.01497695  -0.14583373  -0.00148345   0.06122373   0.20878730   0.10500636   0.05082703  -0.05323183   0.03610129
  -0.01960890   0.00000000  -0.11965192  -0.02140760   0.00000000   0.00000000
   0.08186824  -0.17927986  -0.48139891  -1.62535357  -0.05082703  -0.01497695   0.13375111  -0.04226040  -0.00576164
   0.09252541  -0.00148345  -0.18814294   0.07043594   0.10500636   0.12648635   0.00576164   0.03610129  -0.10111292
  -0.00000000  -0.01960890  -0.02140760  -0.04639320   0.00000000  -0.00000000
  -0.01954725  -0.07906592  -0.06122373  -0.05082703  -0.96894977  -0.26513338  -0.27295435   0.02782133  -0.45721849
  -0.12827513  -0.10500636  -0.03610129   0.09665205   0.06267500   0.01506547  -0.00000000   0.00000000  -0.00000000
  -0.02140760  -0.04639320  -0.20390965  -0.07744810  -0.13282770  -0.01506547
  -0.07906592  -0.08127779   0.11795593  -0.01497695  -0.26513338  -1.26249660   0.08661778  -0.13076826  -0.12827513
  -0.50280651   0.13375111  -0.00148345  -0.17978925  -0.07906592   0.01081369  -0.07744810   0.00000000  -0.00000000
   0.05082703   0.00576164   0.09665205  -0.00000000  -0.01506547  -0.16905188
  -0.06122373   0.11795593   0.02394277   0.13375111  -0.27295435   0.08661778  -2.00293802  -0.33030971  -0.10500636
   0.13375111  -0.35171731   0.21104188  -0.07906592  -0.26527069  -0.12827513   0.00000000  -0.07744810   0.00000000
  -0.11500498   0.03610129   0.06267500  -0.00000000  -0.02140760   0.05082703
  -0.05082703  -0.01497695   0.13375111  -0.04226040   0.02782133  -0.13076826  -0.33030971  -2.49772130  -0.03610129
  -0.00148345   0.21104188  -0.44519403   0.01081369  -0.12827513  -0.21023874  -0.00000000   0.00000000  -0.07744810
   0.03610129  -0.16288607   0.01506547  -0.00000000  -0.04639320   0.00576164
  -0.23611922   0.01081369  -0.07043594  -0.00576164  -0.45721849  -0.12827513  -0.10500636  -0.03610129  -1.29924168
  -0.21010142  -0.19065340   0.07570242  -0.00000000  -0.00000000   0.00000000   0.09665205   0.06267500   0.01506547
   0.11965192   0.02140760  -0.05783919  -0.20433979  -0.15455211   0.06267500
   0.01081369  -0.19434533  -0.01497695   0.09252541  -0.12827513  -0.50280651   0.13375111  -0.00148345  -0.21010142
  -1.57509473   0.02041461  -0.17307747  -0.05783919   0.00000000  -0.00000000  -0.18021938  -0.07906592   0.01081369
  -0.06122373  -0.07043594  -0.00000000   0.09665205   0.06267500  -0.16945098
  -0.07043594  -0.01497695  -0.14583373  -0.00148345  -0.10500636   0.13375111  -0.35171731   0.21104188  -0.19065340
   0.02041461  -2.42446258  -0.42378644   0.00000000  -0.05783919   0.00000000  -0.07906592  -0.26570083  -0.12827513
  -0.27823894  -0.10500636   0.00000000   0.06267500   0.11965192  -0.06122373
  -0.00576164   0.09252541  -0.00148345  -0.18814294  -0.03610129  -0.00148345   0.21104188  -0.44519403   0.07570242
  -0.17307747  -0.42378644  -2.81985170   0.00000000   0.00000000  -0.05783919   0.01081369  -0.12827513  -0.21066887
  -0.10500636  -0.19593799  -0.00000000   0.01506547   0.02140760  -0.07043594
  -0.06267500   0.09999934   0.06122373   0.07043594   0.09665205  -0.17978925  -0.07906592   0.01081369  -0.00000000
  -0.05783919   0.00000000   0.00000000  -1.48523729   0.02488723  -0.08899437  -0.51200997   0.13375111  -0.00148345
   0.01497695  -0.09252541  -0.24101298  -0.12827513  -0.01081369   0.22274548
  -0.11965192   0.06122373   0.20878730   0.10500636   0.06267500  -0.07906592  -0.26527069  -0.12827513  -0.00000000
   0.00000000  -0.05783919   0.00000000   0.02488723  -2.26316365  -0.37589773   0.13375111  -0.36092077   0.21104188
   0.17423389   0.00148345  -0.28785323  -0.10500636   0.07043594   0.01497695
  -0.02140760   0.07043594   0.10500636   0.12648635   0.01506547   0.01081369  -0.12827513  -0.21023874  -0.00000000
   0.00000000   0.00000000  -0.05783919  -0.08899437  -0.37589773  -2.74025315  -0.00148345   0.21104188  -0.45439750
   0.00148345   0.21654309   0.06404552  -0.03610129   0.00576164  -0.09252541
  -0.01506547  -0.10727874   0.05082703   0.00576164  -0.00000000  -0.07744810   0.00000000   0.00000000   0.09665205
  -0.18021938  -0.07906592   0.01081369  -0.51200997   0.13375111  -0.00148345  -1.82796984  -0.04131594  -0.13130358
   0.11795593  -0.01497695  -0.12827513  -0.18598102  -0.07906592  -0.03983248
  -0.02140760   0.05082703  -0.05323183   0.03610129  -0.00000000   0.00000000  -0.07744810   0.00000000   0.06267500
  -0.07906592  -0.26570083  -0.12827513   0.13375111  -0.36092077   0.21104188  -0.04131594  -2.71482263  -0.46937445
   0.06538808   0.13375111  -0.10500636  -0.20555227  -0.06122373   0.11795593
  -0.04639320   0.00576164   0.03610129  -0.10111292  -0.00000000  -0.00000000   0.00000000  -0.07744810   0.01506547
   0.01081369  -0.12827513  -0.21066887  -0.00148345   0.21104188  -0.45439750  -0.13130358  -0.46937445  -3.09251797
   0.13375111  -0.00081509  -0.03610129   0.11192661  -0.05082703  -0.01497695
   0.00000000  -0.00000000  -0.01960890  -0.00000000  -0.02140760   0.05082703  -0.11500498   0.03610129   0.11965192
  -0.06122373  -0.27823894  -0.10500636   0.01497695   0.17423389   0.00148345   0.11795593   0.06538808   0.13375111
  -3.54731817  -0.31828526   0.07043594  -0.06122373  -0.31434024   0.06390463
   0.00000000  -0.00000000  -0.00000000  -0.01960890  -0.04639320   0.00576164   0.03610129  -0.16288607   0.02140760
  -0.07043594  -0.10500636  -0.19593799  -0.09252541   0.00148345   0.21654309  -0.01497695   0.13375111  -0.00081509
  -0.31828526  -4.03393994   0.00576164  -0.05082703   0.05787970  -0.08279198
   0.08510047  -0.06267500  -0.11965192  -0.02140760  -0.20390965   0.09665205   0.06267500   0.01506547  -0.05783919
  -0.00000000  -0.00000000   0.00000000  -0.24101298  -0.28785323   0.06404552  -0.12827513  -0.10500636  -0.03610129
   0.07043594   0.00576164  -1.26080061  -0.46642195   0.26451938  -0.01081369
  -0.07105455  -0.01506547  -0.02140760  -0.04639320  -0.07744810  -0.00000000  -0.00000000   0.00000000  -0.20433979
   0.09665205   0.06267500   0.01506547  -0.12827513  -0.10500636  -0.03610129  -0.18598102  -0.20555227   0.11192661
  -0.06122373  -0.05082703  -0.46642195  -1.62122693   0.02189806  -0.07906592
  -0.01960890   0.00000000   0.00000000   0.00000000  -0.13282770  -0.01506547  -0.02140760  -0.04639320  -0.15455211
   0.06267500   0.11965192   0.02140760  -0.01081369   0.07043594   0.00576164  -0.07906592  -0.06122373  -0.05082703
  -0.31434024   0.05787970   0.26451938   0.02189806  -2.58911126  -0.27146247
   0.00000000  -0.01960890  -0.00000000  -0.00000000  -0.01506547  -0.16905188   0.05082703   0.00576164   0.06267500
  -0.16945098  -0.06122373  -0.07043594   0.22274548   0.01497695  -0.09252541  -0.03983248   0.11795593  -0.01497695
   0.06390463  -0.08279198  -0.01081369  -0.07906592  -0.27146247  -2.83333910
