   0.00104740   0.02547356  -0.00554283  -0.00000000   0.02387491  -0.01650035  -0.03234882   0.00000000  -0.03735728
  -0.04644687  -0.00466889   0.00000000  -0.07256163   0.01165510   0.00278204  -0.03880635   0.02413494   0.00000000
  -0.03983711   0.23604819   0.15576184   0.02925983   0.46564226  -0.82892239
   0.00354671  -0.01884110   0.00888883  -0.00000000  -0.05175241  -0.00989450  -0.00173895   0.00000000  -0.06355129
   0.01310451  -0.04253396   0.00000000  -0.10072744  -0.07367543   0.06533178  -0.08866663  -0.14435050   0.00000000
   0.06117334  -0.09952861  -0.02584530   0.13145955   0.84163361   0.44974274
   0.01792633  -0.02044590  -0.02758592   0.10684443  -0.12254895  -0.03454213   0.03032945  -0.06972613   0.00371388
  -0.08675423  -0.02331162  -0.31774475  -0.23743348  -0.30250103   0.11641142   0.09856425   0.13747597   0.46485927
   0.09140368   0.29946300   0.56440346   0.03686769  -0.08214504   0.15878532
   0.02922882   0.02385670   0.00213466   0.05877804  -0.16488836  -0.05374129   0.13969026   0.01405515   0.01154627
  -0.02217258  -0.03953836  -0.46864889  -0.29612020  -0.37228030   0.43917417   0.09337372  -0.00273430  -0.33173656
  -0.01440673  -0.11061584  -0.39098662  -0.03805102  -0.05443626  -0.12591958
   0.02457578   0.02426394  -0.02416539  -0.00000000   0.00035495  -0.06715162  -0.08642901   0.00000000  -0.13580192
  -0.17660272  -0.05969787   0.00000000  -0.34079624   0.13055731  -0.10315599   0.15517419  -0.12807064  -0.00000000
  -0.38306629  -0.37933304   0.14449390   0.64759589  -0.11762616  -0.06333737
  -0.00019099   0.02089392   0.04278120  -0.10684443  -0.03689109  -0.08803214  -0.05438071   0.06972613  -0.23985009
   0.07293903  -0.09423115   0.31774475  -0.29097004  -0.03906498   0.11915633   0.01919052   0.23237598  -0.46485927
   0.03618516  -0.23034665   0.48906896  -0.36062387  -0.01546518   0.04475945
   0.00593059   0.09329859  -0.10182775  -0.00000000   0.34133087  -0.02662370  -0.19918333   0.00000000   0.03031777
  -0.49012705  -0.31442737   0.00000000   0.10174853   0.06145222   0.07676849   0.62218111  -0.05895673   0.00000000
   0.19356350  -0.00698283  -0.05499728  -0.16109982   0.07829763   0.02759956
   0.07717733   0.24041037   0.07399523  -0.28191741   0.27922684  -0.20650701   0.23597379   0.49036686   0.01306417
  -0.12191227  -0.45478987  -0.07991612   0.07062269  -0.15790608  -0.05234743  -0.39533924   0.04653935   0.08372375
  -0.00418534  -0.00965863   0.01362509   0.07313345  -0.04987060   0.00460178
  -0.00820806   0.01468714   0.00001905  -0.00000000   0.02269277  -0.06711314  -0.09348825   0.00000000  -0.16019740
  -0.24154339  -0.00540358   0.00000000  -0.46011843   0.18459081  -0.21516384  -0.12220709  -0.01061921  -0.00000000
  -0.43036788   0.46439864  -0.25913082  -0.31565552  -0.00515749   0.16462125
   0.04194810   0.04556108   0.01956833  -0.05877804  -0.08486103  -0.12921428  -0.02913216  -0.01405515  -0.29594496
   0.13675848  -0.06853822   0.46864889  -0.35723859  -0.13949198   0.06541815   0.04323640  -0.11744841   0.33173656
   0.46738182   0.05192137  -0.32133185   0.11454313  -0.11429794  -0.09548677
   0.13241343   0.23415215  -0.20096591   0.28191741   0.03363181  -0.22825364  -0.06603815  -0.49036686  -0.00819387
  -0.45279129   0.06985694   0.07991612   0.08474114  -0.11418447  -0.00031397  -0.47013491   0.06967332  -0.08372375
   0.14314004  -0.13151696   0.00614513   0.01860147  -0.04452279  -0.01037284
   0.19181686   0.40517546  -0.04338381   0.00000000  -0.10173488  -0.50298686   0.51824989   0.00000000  -0.02692679
   0.08906584   0.29779336  -0.00000000   0.06642995   0.21293994  -0.04705858   0.31654671  -0.04384502  -0.00000000
  -0.04048791   0.05013843   0.04212954  -0.04973952   0.06498327   0.03420023
   0.01766724   0.01217091   0.04717502  -0.00000000   0.08441555   0.09049425   0.02058608  -0.00000000  -0.48612893
  -0.03419884   0.07854365   0.00000000   0.23536943   0.00904780   0.13070954   0.08778023   0.72297095  -0.00000000
  -0.08221698   0.13663343  -0.17652709   0.26277688   0.06198864   0.07397890
  -0.06528057   0.14588274   0.07538355  -0.00000000   0.49050403  -0.19771650  -0.31132202   0.00000000   0.11081467
   0.23350677   0.22099264  -0.00000000  -0.07090412   0.22453126   0.57984166  -0.13170003  -0.10321294   0.00000000
  -0.04369970   0.16859962   0.06870432   0.12094662  -0.04986901   0.06853394
  -0.11627730   0.32754500  -0.08099797  -0.48886124   0.36471901   0.26102491   0.01688084  -0.29633494  -0.00934610
   0.11133601   0.28966291  -0.07970722  -0.13050622  -0.36745471  -0.26754284   0.07421978   0.00455270   0.01343043
  -0.03514689  -0.08927644  -0.01484812  -0.04568748   0.02809652  -0.00267415
  -0.00443757   0.06791042   0.05154047   0.00000000  -0.08067708   0.04547837  -0.06159410   0.00000000  -0.60330385
  -0.03475793   0.00862462   0.00000000   0.39015779  -0.24489920   0.15562421  -0.00627622  -0.53272858  -0.00000000
  -0.24284164   0.08855295   0.11461318  -0.09544543  -0.07533500  -0.00955563
  -0.06492086   0.37977331  -0.07143290   0.48886124  -0.02528399  -0.12151045  -0.40155030   0.29633494   0.10878490
   0.26849221   0.00134404   0.07970722   0.04573872  -0.35715342  -0.26081399   0.12055975   0.10835621  -0.01343043
  -0.14855286  -0.01861086  -0.06600776  -0.01339173   0.03974592   0.00837325
  -0.05147890   0.64132590  -0.03316698   0.00000000  -0.33048957   0.52722510   0.00601242  -0.00000000   0.03716595
  -0.01562419  -0.19217244  -0.00000000  -0.05349450   0.31931282   0.19438550  -0.06004924  -0.01449485   0.00000000
   0.06654844   0.06742055   0.03650876   0.03707848  -0.02240023   0.02370064
   0.46010399  -0.11944670  -0.78120400  -0.00000000   0.12025368   0.12302415   0.03185992  -0.00000000  -0.05957120
   0.28439816  -0.17464366  -0.00000000  -0.01869866   0.03632221   0.06340510  -0.00852651  -0.01525274  -0.00000000
  -0.09824180   0.04721732   0.00437954  -0.01522844  -0.00232736   0.00909921
   0.83259132   0.03357512   0.47292256   0.00000000   0.04217739   0.18145701  -0.15655422  -0.00000000   0.07490168
  -0.02460121   0.09466849   0.00000000  -0.02471699  -0.05658075  -0.04065302   0.03080830  -0.01128229   0.00000000
  -0.00497925  -0.01435902   0.00272412  -0.02793967   0.00744889  -0.00057531
  -0.01811732   0.04133982   0.07036712   0.10684443   0.08565786  -0.05349001  -0.08471016  -0.06972613  -0.24356397
   0.15969326  -0.07091953  -0.31774475  -0.05353656   0.26343605   0.00274491  -0.07937373   0.09490002   0.46485927
  -0.05521852  -0.52980965  -0.07533450  -0.39749156   0.06667986  -0.11402586
   0.01271928   0.02170438   0.01743367   0.05877804   0.08002733  -0.07547299  -0.16882242   0.01405515  -0.30749123
   0.15893106  -0.02899986  -0.46864889  -0.06111839   0.23278832  -0.37375602  -0.05013732  -0.11471411  -0.33173656
   0.48178855   0.16253721   0.06965476   0.15259415  -0.05986169   0.03043281
   0.05523610  -0.00625822  -0.27496113  -0.28191741  -0.24559502  -0.02174662  -0.30201194   0.49036686  -0.02125804
  -0.33087901   0.52464681  -0.07991612   0.01411845   0.04372162   0.05203346  -0.07479566   0.02313398   0.08372375
   0.14732538  -0.12185832  -0.00747996  -0.05453198   0.00534781  -0.01497462
   0.05135644   0.05222832   0.00956507  -0.48886124  -0.39000300  -0.38253537  -0.41843114  -0.29633494   0.11813101
   0.15715620  -0.28831888  -0.07970722   0.17624494   0.01030130   0.00672885   0.04633997   0.10380351   0.01343043
  -0.11340598   0.07066558  -0.05115963   0.03229575   0.01164941   0.01104739
